Type,Latency
4,11221
4,11914
4,12605
4,13323
4,14043
4,14770
4,15550
4,16383
5,17328
5,18304
5,19271
5,20192
5,21068
4,21822
4,22514
4,23180
4,23842
4,24511
4,25229
4,25987
5,26852
5,27775
5,28744
5,29696
5,30593
5,31446
5,32203
4,32891
4,33538
4,34178
4,34829
4,35558
4,36414
5,37378
5,38364
5,39333
5,40296
5,41194
4,41968
4,42663
4,43325
4,43981
4,44645
4,45363
4,46133
5,47019
5,47998
5,48976
5,49933
5,50860
5,51707
4,52439
4,53112
4,53772
4,54446
4,55168
4,55920
4,56792
5,57750
5,58722
5,59681
5,60590
5,61451
5,62223
4,62919
4,63569
4,64208
4,64868
4,65567
4,66327
4,67163
5,68095
5,69049
5,70020
5,70940
5,71817
5,72633
4,73356
4,74016
4,74655
4,75299
4,75979
4,76692
4,77472
5,78408
5,79378
5,80333
5,81286
5,82216
5,83049
4,83778
4,84445
4,85088
4,85726
4,86397
4,87114
4,87900
5,88825
5,89808
5,90763
5,91704
5,92614
5,93413
5,94118
4,94781
4,95430
4,96091
4,96805
4,97569
5,98568
5,99577
5,1.0056e+05
5,1.0153e+05
5,1.025e+05
5,1.0338e+05
4,1.0413e+05
4,1.0481e+05
4,1.0548e+05
4,1.0613e+05
4,1.0680e+05
4,1.0752e+05
5,1.0833e+05
5,1.0923e+05
5,1.1018e+05
5,1.1113e+05
5,1.1204e+05
5,1.1288e+05
5,1.1363e+05
5,1.1432e+05
4,1.1498e+05
4,1.1561e+05
4,1.1625e+05
4,1.1694e+05
4,1.1768e+05
5,1.1849e+05
5,1.1939e+05
5,1.2033e+05
5,1.2129e+05
5,1.2223e+05
5,1.2313e+05
5,1.2394e+05
5,1.2468e+05
4,1.2535e+05
4,1.26e+05
4,1.2666e+05
4,1.2737e+05
4,1.2812e+05
5,1.2904e+05
5,1.3005e+05
5,1.3106e+05
5,1.3205e+05
5,1.3302e+05
5,1.3392e+05
5,1.347e+05
4,1.3539e+05
4,1.3604e+05
4,1.3669e+05
4,1.3738e+05
4,1.3813e+05
5,1.3906e+05
5,1.4003e+05
5,1.4104e+05
5,1.4207e+05
5,1.4306e+05
5,1.4399e+05
4,1.4478e+05
4,1.4547e+05
4,1.4615e+05
4,1.4681e+05
4,1.4753e+05
4,1.4829e+05
4,1.4916e+05
5,1.501e+05
5,1.5109e+05
5,1.5204e+05
5,1.5294e+05
5,1.5376e+05
5,1.5452e+05
5,1.5522e+05
4,1.5589e+05
4,1.5654e+05
4,1.5722e+05
4,1.5791e+05
4,1.5863e+05
4,1.594e+05
5,1.6029e+05
5,1.6122e+05
5,1.6212e+05
5,1.6296e+05
5,1.6375e+05
5,1.6452e+05
5,1.6521e+05
4,1.6586e+05
4,1.665e+05
4,1.6714e+05
4,1.6783e+05
4,1.6857e+05
5,1.6948e+05
5,1.7044e+05
5,1.7139e+05
5,1.7232e+05
5,1.732e+05
5,1.7403e+05
5,1.7478e+05
4,1.7545e+05
4,1.7611e+05
4,1.7676e+05
4,1.7745e+05
4,1.7819e+05
4,1.7903e+05
5,1.7996e+05
5,1.809e+05
5,1.8182e+05
5,1.8267e+05
5,1.8351e+05
5,1.8428e+05
5,1.8502e+05
4,1.857e+05
4,1.8635e+05
4,1.8701e+05
5,1.8771e+05
5,1.8846e+05
5,1.8921e+05
5,1.8992e+05
5,1.906e+05
5,1.9134e+05
5,1.9206e+05
5,1.9279e+05
5,1.9349e+05
5,1.9418e+05
5,1.9488e+05
5,1.9555e+05
4,1.9618e+05
4,1.968e+05
4,1.9744e+05
4,1.9809e+05
4,1.9879e+05
4,1.9949e+05
4,2.002e+05
5,2.0099e+05
5,2.0184e+05
5,2.0271e+05
5,2.0356e+05
5,2.0438e+05
5,2.0514e+05
5,2.0582e+05
4,2.0646e+05
4,2.0708e+05
4,2.077e+05
4,2.0834e+05
4,2.0904e+05
4,2.0982e+05
5,2.1070e+05
5,2.1165e+05
5,2.1265e+05
5,2.1363e+05
5,2.1459e+05
5,2.1548e+05
5,2.1627e+05
4,2.1697e+05
4,2.1761e+05
4,2.1824e+05
4,2.189e+05
4,2.1961e+05
4,2.2042e+05
4,2.2138e+05
5,2.2239e+05
5,2.2341e+05
5,2.2439e+05
5,2.2533e+05
5,2.2617e+05
5,2.2691e+05
4,2.2757e+05
4,2.2821e+05
4,2.2884e+05
4,2.2949e+05
4,2.3018e+05
4,2.3095e+05
5,2.3185e+05
5,2.3281e+05
5,2.3378e+05
5,2.3473e+05
5,2.3564e+05
4,2.3648e+05
4,2.3721e+05
4,2.3787e+05
4,2.3852e+05
4,2.3916e+05
4,2.398e+05
4,2.405e+05
4,2.4126e+05
5,2.4211e+05
5,2.4306e+05
5,2.4401e+05
5,2.4497e+05
5,2.4589e+05
5,2.467e+05
5,2.4742e+05
4,2.4809e+05
4,2.4873e+05
4,2.4936e+05
4,2.5001e+05
4,2.5072e+05
4,2.5157e+05
5,2.5255e+05
5,2.5359e+05
5,2.546e+05
5,2.5559e+05
5,2.5652e+05
5,2.5734e+05
4,2.5807e+05
4,2.5874e+05
4,2.594e+05
4,2.6006e+05
4,2.6076e+05
4,2.6152e+05
5,2.6238e+05
5,2.6332e+05
5,2.6432e+05
5,2.6529e+05
5,2.662e+05
5,2.6706e+05
5,2.6782e+05
4,2.685e+05
4,2.6915e+05
4,2.6979e+05
4,2.7045e+05
4,2.7116e+05
5,2.7208e+05
5,2.7302e+05
5,2.7396e+05
5,2.7487e+05
5,2.7573e+05
5,2.7654e+05
5,2.7728e+05
5,2.7796e+05
4,2.7861e+05
4,2.7924e+05
4,2.7988e+05
4,2.8056e+05
4,2.813e+05
4,2.8209e+05
5,2.8297e+05
5,2.8395e+05
5,2.849e+05
5,2.8581e+05
5,2.8666e+05
5,2.8744e+05
4,2.8813e+05
4,2.8878e+05
4,2.894e+05
4,2.9003e+05
4,2.9068e+05
4,2.9142e+05
4,2.9228e+05
5,2.9321e+05
5,2.9416e+05
5,2.951e+05
5,2.96e+05
5,2.9681e+05
5,2.976e+05
5,2.983e+05
4,2.9896e+05
4,2.9959e+05
4,3.0023e+05
4,3.0089e+05
4,3.0160e+05
4,3.0235e+05
5,3.032e+05
5,3.0418e+05
5,3.0516e+05
5,3.0611e+05
5,3.0701e+05
5,3.0783e+05
5,3.0854e+05
4,3.0919e+05
4,3.0982e+05
4,3.1045e+05
4,3.1109e+05
4,3.1177e+05
5,3.1265e+05
5,3.1362e+05
5,3.1456e+05
5,3.1546e+05
5,3.1629e+05
5,3.1707e+05
5,3.1784e+05
4,3.1853e+05
4,3.1918e+05
4,3.1982e+05
4,3.2045e+05
4,3.211e+05
4,3.2179e+05
4,3.225e+05
4,3.2332e+05
5,3.2422e+05
5,3.2514e+05
5,3.2605e+05
5,3.2693e+05
5,3.2774e+05
5,3.285e+05
4,3.2917e+05
4,3.2981e+05
4,3.3042e+05
4,3.3104e+05
4,3.3169e+05
4,3.324e+05
4,3.332e+05
5,3.3411e+05
5,3.3509e+05
5,3.3611e+05
5,3.3709e+05
5,3.3803e+05
5,3.3881e+05
4,3.395e+05
4,3.4015e+05
4,3.4077e+05
4,3.4141e+05
4,3.4206e+05
4,3.4275e+05
4,3.4359e+05
5,3.4457e+05
5,3.4554e+05
5,3.4651e+05
5,3.4746e+05
5,3.4836e+05
5,3.4915e+05
4,3.4984e+05
4,3.5049e+05
4,3.5112e+05
4,3.5174e+05
4,3.524e+05
4,3.5307e+05
4,3.5381e+05
5,3.5471e+05
5,3.5563e+05
5,3.5655e+05
5,3.5745e+05
5,3.5831e+05
5,3.5911e+05
5,3.5983e+05
4,3.6049e+05
4,3.6113e+05
4,3.6176e+05
4,3.6241e+05
4,3.6308e+05
4,3.6379e+05
5,3.6465e+05
5,3.6556e+05
5,3.6646e+05
5,3.673e+05
5,3.681e+05
5,3.6886e+05
5,3.6957e+05
4,3.7023e+05
4,3.7087e+05
4,3.7151e+05
4,3.7216e+05
5,3.7285e+05
5,3.7359e+05
4,3.7436e+05
5,3.7524e+05
5,3.7614e+05
5,3.7701e+05
5,3.7784e+05
5,3.7863e+05
5,3.7939e+05
5,3.8009e+05
4,3.8074e+05
4,3.8137e+05
4,3.8198e+05
4,3.8262e+05
4,3.8331e+05
4,3.8405e+05
5,3.849e+05
5,3.8584e+05
5,3.868e+05
5,3.8771e+05
5,3.8853e+05
5,3.8928e+05
5,3.8997e+05
4,3.9063e+05
4,3.9127e+05
4,3.9189e+05
4,3.9251e+05
4,3.9314e+05
4,3.9378e+05
4,3.9448e+05
5,3.9535e+05
5,3.9624e+05
5,3.9715e+05
5,3.9801e+05
5,3.9884e+05
5,3.9958e+05
5,4.0027e+05
4,4.0091e+05
4,4.0153e+05
4,4.0216e+05
4,4.0281e+05
4,4.0349e+05
4,4.0425e+05
5,4.0505e+05
5,4.0592e+05
5,4.0681e+05
5,4.0773e+05
5,4.0861e+05
5,4.0942e+05
5,4.1018e+05
5,4.1086e+05
4,4.1149e+05
4,4.1209e+05
4,4.1269e+05
4,4.1329e+05
4,4.1394e+05
4,4.147e+05
5,4.1555e+05
5,4.1651e+05
5,4.1753e+05
5,4.1854e+05
5,4.1957e+05
5,4.2054e+05
4,4.2133e+05
4,4.2203e+05
4,4.2269e+05
4,4.2335e+05
4,4.2401e+05
4,4.2471e+05
4,4.2544e+05
5,4.2632e+05
5,4.2727e+05
5,4.2817e+05
5,4.2904e+05
5,4.2988e+05
5,4.3066e+05
5,4.3137e+05
4,4.3202e+05
4,4.3265e+05
4,4.3326e+05
4,4.3387e+05
4,4.3450e+05
4,4.3519e+05
4,4.3596e+05
5,4.3686e+05
5,4.3779e+05
5,4.3875e+05
5,4.397e+05
5,4.4062e+05
5,4.4143e+05
4,4.4213e+05
4,4.4278e+05
4,4.4342e+05
4,4.4404e+05
4,4.4467e+05
4,4.4531e+05
4,4.4602e+05
5,4.4682e+05
5,4.4766e+05
5,4.4855e+05
5,4.4945e+05
5,4.5034e+05
5,4.5119e+05
4,4.5191e+05
4,4.5256e+05
4,4.5319e+05
4,4.5382e+05
4,4.5446e+05
4,4.5517e+05
4,4.5593e+05
5,4.5682e+05
5,4.5777e+05
5,4.587e+05
5,4.5961e+05
5,4.6043e+05
5,4.612e+05
4,4.6191e+05
4,4.6256e+05
4,4.6321e+05
4,4.6387e+05
4,4.6457e+05
4,4.6531e+05
4,4.6611e+05
5,4.6697e+05
5,4.6789e+05
5,4.6877e+05
5,4.6959e+05
5,4.7034e+05
5,4.7104e+05
5,4.7171e+05
5,4.7235e+05
4,4.7296e+05
4,4.7356e+05
4,4.7417e+05
4,4.748e+05
4,4.7547e+05
4,4.7622e+05
5,4.771e+05
5,4.78e+05
5,4.7892e+05
5,4.7983e+05
5,4.8069e+05
5,4.8148e+05
4,4.8218e+05
4,4.8283e+05
4,4.8345e+05
4,4.8406e+05
4,4.8468e+05
4,4.8533e+05
4,4.8602e+05
4,4.8676e+05
5,4.876e+05
5,4.8851e+05
5,4.8944e+05
5,4.904e+05
5,4.913e+05
5,4.921e+05
5,4.9281e+05
4,4.9346e+05
4,4.9409e+05
4,4.9471e+05
4,4.9534e+05
4,4.9601e+05
4,4.968e+05
5,4.9775e+05
5,4.9873e+05
5,4.9969e+05
5,5.0063e+05
5,5.0158e+05
5,5.0239e+05
4,5.0309e+05
4,5.0374e+05
4,5.0438e+05
4,5.0502e+05
4,5.0571e+05
4,5.0647e+05
4,5.0728e+05
5,5.0822e+05
5,5.0919e+05
5,5.1017e+05
5,5.1116e+05
5,5.1203e+05
5,5.1282e+05
5,5.135e+05
4,5.1414e+05
4,5.1477e+05
4,5.1539e+05
4,5.1605e+05
4,5.1674e+05
4,5.1751e+05
5,5.1847e+05
5,5.1946e+05
5,5.2041e+05
5,5.2127e+05
5,5.2207e+05
5,5.2284e+05
5,5.2356e+05
5,5.2422e+05
4,5.2484e+05
4,5.2545e+05
5,5.2607e+05
5,5.2671e+05
5,5.2737e+05
5,5.2809e+05
5,5.2888e+05
5,5.2972e+05
5,5.3064e+05
5,5.3156e+05
5,5.325e+05
5,5.3338e+05
5,5.3409e+05
4,5.3474e+05
4,5.3535e+05
4,5.3597e+05
5,5.3663e+05
5,5.3745e+05
5,5.3837e+05
5,5.3932e+05
5,5.4023e+05
5,5.4117e+05
5,5.4208e+05
5,5.4294e+05
5,5.4370e+05
4,5.444e+05
4,5.4505e+05
4,5.4568e+05
4,5.4632e+05
4,5.4698e+05
4,5.4769e+05
4,5.485e+05
5,5.4938e+05
5,5.5031e+05
5,5.5122e+05
5,5.5213e+05
5,5.5294e+05
5,5.5368e+05
4,5.5437e+05
4,5.5502e+05
4,5.5563e+05
4,5.5624e+05
4,5.5686e+05
4,5.5752e+05
4,5.5822e+05
4,5.59e+05
5,5.5991e+05
5,5.6086e+05
5,5.6184e+05
5,5.628e+05
5,5.6367e+05
5,5.6441e+05
4,5.6508e+05
4,5.6571e+05
4,5.6632e+05
4,5.6695e+05
4,5.6761e+05
4,5.6833e+05
5,5.6914e+05
5,5.7002e+05
5,5.7092e+05
5,5.7182e+05
5,5.7267e+05
5,5.7346e+05
5,5.7421e+05
4,5.7488e+05
4,5.7554e+05
5,5.762e+05
5,5.7691e+05
4,5.7764e+05
4,5.7835e+05
5,5.7912e+05
5,5.7991e+05
5,5.8072e+05
5,5.8157e+05
5,5.8243e+05
5,5.833e+05
4,5.8405e+05
4,5.8473e+05
4,5.8537e+05
4,5.8602e+05
4,5.8669e+05
5,5.8749e+05
5,5.8845e+05
5,5.8946e+05
5,5.9046e+05
5,5.914e+05
5,5.923e+05
5,5.9314e+05
5,5.9395e+05
5,5.9473e+05
4,5.9543e+05
4,5.9608e+05
4,5.9673e+05
5,5.9742e+05
4,5.9808e+05
4,5.9876e+05
4,5.9944e+05
5,6.0024e+05
5,6.0118e+05
5,6.0211e+05
5,6.0300e+05
5,6.0389e+05
5,6.0472e+05
5,6.0544e+05
5,6.061e+05
4,6.0673e+05
4,6.0735e+05
4,6.0797e+05
4,6.0861e+05
4,6.093e+05
5,6.1014e+05
5,6.1109e+05
5,6.12e+05
5,6.1286e+05
5,6.1366e+05
5,6.1444e+05
5,6.1516e+05
4,6.1583e+05
4,6.1646e+05
4,6.1707e+05
4,6.1768e+05
4,6.1832e+05
4,6.19e+05
4,6.1974e+05
5,6.2064e+05
5,6.216e+05
5,6.2252e+05
5,6.2341e+05
5,6.2426e+05
5,6.2508e+05
5,6.2583e+05
4,6.2652e+05
4,6.272e+05
4,6.279e+05
4,6.2864e+05
4,6.2937e+05
